1111111111111111111111111111111111111111111111111111111111111111111111111111111111111111111111111111
1000000000000000000000000000000000000000000000000000000000000000000000000000000000000000000000000001
1000000000000000000000000000000000000000000000000000000000000000000000000000000000000000000000000001
1000000000000000000000000000000000000000000000000000000000000000000000000000000000000000000000000001
1000000000000000000000000000000000000000000000000000000000000000000000000000000000000000000000000001
1000000000000001000000000000000000000000000000000000000000000000000000000000000000000000000000000001
1000000000000001000000000000000000000000000000000000000000000000000000000000000000000000000000000001
1000000000000001000000000000000000000000000000000000000000000000000000000000000000000000000000000001
1000000000000001000000000000000000000000000000000000000000000000000000000000000000000000000000000001
1000000000000001000000000000000000000000000000000000000000000000000000000000000000000000000000000001
1000000000000001000000000000000000000000000000000000000000000000000000000000000000000000000000000001
1000000000000001000000000000000000000000000000000000000000000000000000000000000000000000000000000001
1000000000000001000000000000000000000000000000000000000000000000000000000000000000000000000000000001
1000000000000001000000000000000000000000000000000000000000000000000000000000000000000000000000000001
1000000000000001000000000000000000000000000000000000000000000000000000000000000000000000000000000001
1000000000000001000000000000000000000000000000000000000000000000000000000000000000000000000000000001
1000000000000001000000000000000000000000000000000000000000000000000000000000000000000000000000000001
1000000000000001000000000000000000000000000000000000000000000000000000000000000000000000000000000001
1000000000000001000000000000000000000000000000000000000000000000000000000000000000000000000000000001
1000000000000001000000000000000000000000000000000000000000000000000000000000000000000000000000000001
1000000000000001000000000000000000000000000000000000000000000000000000000000000000000000000000000001
1000000000000001000000000000000000000000000000000000000000000000000000000000000000000000000000000001
1000000000000001000000000000000000000000000000000000000000000000000000000000000000000000000000000001
1000000000000001000000000000000000000000000000000000000000000000000000000000000000000000000000000001
1000000000000001000000000000000000000000000000000000000000000000000000000000000000000000000000000001
1000000000000001000000000000000000000000000000000000000000000000000000000000000000000000000000000001
1000000000000001000000000000000000000000000000000000000000000000000000000000000000000000000000000001
1000000000000001000000000000000000000000000000000000000000000000000000000000000000000000000000000001
1000000000000001000000000000000000000000000000000000000000000000000000000000000000000000000000000001
1000000000000001000000000000000000000000000000000000000000000000000000000000000000000000000000000001
1000000000000001000000000000000000000000000000000000000000000000000000000000000000000000000000000001
1000000000000001000000000000000000000000000000000000000000000000000000000000000000000000000000000001
1000000000000001000000000000000000000000000000000000000000000000000000000000000000000000000000000001
1000000000000001000000000000000000000000000000000000000000000000000000000000000000000000000000000001
1000000000000001000000000000000000000000000000000000000000000000000000000000000000000000000000000001
1000000000000001000000000000000000000000000000000000000000000000000000000000000000000000000000000001
1000000000000001000000000000000000000000000000000000000000000000000000000000000000000000000000000001
1000000000000001000000000000000000000000000000000000000000000000000000000000000000000000000000000001
1000000000000001000000000000000000000000000000000000000000000000000000000000000000000000000000000001
1000000000000001000000000000000000000000000000000000000000000000000000000000000000000000000000000001
1000000000000001000000000000000000000000000000000000000000000000000000000000000000000000000000000001
1000000000000001000000000000000000000000000000000000000000000000000000000000000000000000000000000001
1000000000000001000000000000000000000000000000000000000000000000000000000000000000000000000000000001
1000000000000001000000000000000000000000000000000000000000000000000000000000000000000000000000000001
1000000000000001000000000000000000000000000000000000000000000000000000000000000000000000000000000001
1000000000000001000000000000000000000000000000000000000000000000000000000000000000000000000000000001
1000000000000000000000000000000000000000000000000000000000000000000000000000000000000000000000000001
1000000000000000000000000000000000000000000000000000000000000000000000000000000000000000000000000001
1000000000000000000000000000000000000000000000000000000000000000000000000000000000000000000000000001
1000000000000000000000000000000000000000000000000000000000000000000000000000000000000000000000000001
1000000000000000000000000000000000000000000000000000000000000000000000000000000000000000000000000001
1000000000000000000000000000000000000000000000000000000000000000000000000000000000000000000000000001
1000000000000000000000000000000000000000000000000000000000000000000000000000000000000000000000000001
1000000000000000000000000000000000000000000000000000000000000000000000000000000000000000000000000001
1000000000000000000000000000000000000000000000000000000000000000000000000000000000000000000000000001
1000000111111111111000000000000000000000000000000000000000000000000000000000000000000000000000000001
1000000000001111111111100000000000000000000000000000000000000000000000000000000000000000000000000001
1000000000000111111111000000000000000000000000000000000000000000000000000000000000000000000000000001
1000000000000111111111111000000000000000000000000000000000000000000000000000000000000000000000000001
1000000000000011111100000000000000000000000000000000000000000000000000000000000000000000000000000001
1000000000000011111111110000000000000000000000000000000000000000000000000000000000000000000000000001
1000000000000001000000000000000000000000000000000000000000000000000000000000000000000000000000000001
1000000000000001000000000000000000000000000000000000000000000000000000000000000000000000000000000001
1000000000000001000000000000000000000000000000000000000000000000000000000000000000000000000000000001
1000000000000001000000000000000000000000000000000000000000000000000000000000000000000000000000000001
1000000000000001000000000000000000000000000000000000000000000000000000000000000000000000000000000001
1000000000000001000000000000000000000000000000000000000000000000000000000000000000000000000000000001
1000000000000001000000000000000000000000000000000000000000000000000000000000000000000000000000000001
1000000000000001000000000000000000000000000000000000000000000000000000000000000000000000000000000001
1000000000000001000000000000000000000000000000000000000000000000000000000000000000000000000000000001
1000000000000001000000000000000000000000000000000000000000000000000000000000000000000000000000000001
1000000000000001000000000000000000000000000000000000000000000000000000000000000000000000000000000001
1000000000000001000000000000000000000000000000000000000000000000000000000000000000000000000000000001
1000000000000001000000000000000000000000000000000000000000000000000000000000000000000000000000000001
1000000000000001000000000000000000000000000000000000000000000000000000000000000000000000000000000001
1000000000000001000000000000000000000000000000000000000000000000000000000000000000000000000000000001
1000000000000001000000000000000000000000000000000000000000000000000000000000000000000000000000000001
1000000000000001000000000000000000000000000000000000000000000000000000000000000000000000000000000001
1000000000000001000000000000000000000000000000000000000000000000000000000000000000000000000000000001
1000000000000001000000000000000000000000000000000000000000000000000000000000000000000000000000000001
1000000000000001000000000000000000000000000000000000000000000000000000000000000000000000000000000001
1000000000000001000000000000000000000000000000000000000000000000000000000000000000000000000000000001
1000000000000001000000000000000000000000000000000000000000000000000000000000000000000000000000000001
1000000000000001000000000000000000000000000000000000000000000000000000000000000000000000000000000001
1000000000000001000000000000000000000000000000000000000000000000000000000000000000000000000000000001
1000000000000001000000000000000000000000000000000000000000000000000000000000000000000000000000000001
1000000000000001000000000000000000000000000000000000000000000000000000000000000000000000000000000001
1000000000000001000000000000000000000000000000000000000000000000000000000000000000000000000000000001
1000000000000001000000000000000000000000000000000000000000000000000000000000000000000000000000000001
1000000000000001000000000000000000000000000000000000000000000000000000000000000000000000000000000001
1000000000011111000000000000000000000000000000000000000000000000000000000000000000000000000000000001
1000000000000111000000000000000000000000000000000000000000000000000000000000000000000000000000000001
1000000000000001110000000000000000000000000000000000000000000000000000000000000000000000000000000001
1000000000000001111111100000000000000000000000000000000000000000000000000000000000000000000000000001
1000000000000111111111111111000000000000000000000000000000000000000000000000000000000000000000000001
1000000000011111111111000000000000000000000000000000000000000000000000000000000000000000000000000001
1000000011111111000000000000000000000000000000000000000000000000000000000000000000000000000000000001
1000000000000000000000000000000000000000000000000000000000000000000000000000000000000000000000000001
1000000000000000000000000000000000000000000000000000000000000000000000000000000000000000000000111111
1111111111111111110000000000000000000000000000000000000000000000000000000000000000000000011111111111
1111111111111111111111111111111111111111111111111111111111111111111111111111111111111111111111111111